x <- 22
x *4
